昏厥耐性,2,毒耐性,2,2,1,0
精神抖擻,1,,0,1,1,0
泡沫之舞,2,毒屬性強化,1,2,0,0
逆襲,2,冰屬性攻擊強化,2,1,1,0
後座力減輕,1,雷屬性攻擊強化,1,1,1,0
抑制偏移,2,植生學,2,1,0,0
強化持續,2,,0,1,0,0
破壞王,1,廣域化,1,3,0,0
迴避距離UP,2,地質學,1,1,1,0
精靈加護,2,逆襲,1,1,1,0
裝填擴充,1,,0,1,0,0
滿足感,2,減輕膽怯,1,2,1,0
耐震,1,後座力減輕,2,1,0,0
昏厥耐性,2,利刃,1,1,0,0
昏厥耐性,1,後座力減輕,1,1,1,0
破壞王,1,收刀術,2,2,1,0
龍屬性攻擊強化,2,拔刀術【力】,1,3,2,0
毒耐性,1,冰耐性,2,3,0,0
回復速度,2,翔蟲能手,2,2,1,0
冰耐性,1,毒屬性強化,2,2,1,0
睡眠屬性強化,2,龍屬性攻擊強化,1,1,0,0
冰耐性,1,防禦,1,3,2,1
爆破異常狀態的耐性,3,體術,2,3,0,0
龍屬性攻擊強化,2,泡沫之舞,1,2,1,1
破壞王,2,龍耐性,2,0,0,0
道具使用強化,2,植生學,1,1,1,0
逆襲,2,屬性異常狀態的耐性,1,2,1,0
麻痺屬性強化,2,毒耐性,1,2,0,0
飛簷走壁,2,麻痺耐性,1,3,0,0
吹笛名人,1,無傷,1,1,0,0
地質學,2,毒屬性強化,2,1,0,0
昏厥耐性,1,精靈加護,1,1,0,0
炸彈客,1,弱點特效,1,1,0,0
高速變形,3,後座力減輕,1,1,0,0
龍屬性攻擊強化,1,雷屬性攻擊強化,2,1,1,0
毒耐性,1,睡眠耐性,2,3,0,0
迴避距離UP,2,炸彈客,1,1,0,0
鈍器能手,1,砥石使用高速化,1,2,1,0
泡沫之舞,1,屬性異常狀態的耐性,1,3,0,0
高速變形,2,KO術,1,1,1,0
雷耐性,1,迴避性能,1,2,1,0
後座力減輕,1,裝填速度,1,2,0,0
無傷,2,快吃,1,1,1,0
回復速度,2,吹笛名人,1,2,1,1
毒屬性強化,1,破壞王,1,0,0,0
速射強化,1,,0,1,0,0
耐力急速回復,2,,0,0,0,0
迴避距離UP,2,最愛菇類,1,0,0,0
鈍器能手,1,強化持續,1,2,1,0
毒屬性強化,2,收刀術,1,1,0,0
毒屬性強化,1,雷耐性,1,2,0,0
水屬性攻擊強化,3,植生學,2,2,1,1
鈍器能手,1,後座力減輕,1,1,1,0
收刀術,1,爆破異常狀態的耐性,2,1,0,0
裝填速度,2,精神抖擻,1,0,0,0
耐震,2,屬性異常狀態的耐性,1,3,0,0
體力回復量UP,1,雷屬性攻擊強化,1,1,0,0
飛簷走壁,2,滿足感,1,3,0,0
迴避距離UP,1,收刀術,1,3,0,0
毒屬性強化,2,減輕膽怯,1,0,0,0
收刀術,1,耐力急速回復,1,1,0,0
迴避性能,2,高速變形,1,1,1,0
破壞王,2,迴避性能,1,2,0,0
奪取耐力,2,耐震,1,2,1,0
鈍器能手,1,無傷,1,1,0,0
快吃,2,利刃,1,1,0,0
龍耐性,1,收刀術,2,1,0,0
滿足感,2,回復速度,1,1,1,0
吹笛名人,1,地質學,1,2,1,0
飢餓耐性,1,防禦性能,2,2,0,0
裝填速度,1,砲彈裝填,1,1,0,0
逆襲,2,特殊射擊強化,1,1,1,0
飢餓耐性,1,看破,1,1,0,0
龍屬性攻擊強化,1,泥雪耐性,1,2,1,0
抑制偏移,1,迴避距離UP,1,0,0,0
抑制偏移,1,龍屬性攻擊強化,1,2,1,0
道具使用強化,1,彈藥節約,1,0,0,0
屬性異常狀態的耐性,2,減輕膽怯,1,0,0,0
水耐性,1,最愛菇類,1,0,0,0
耳塞,1,後座力減輕,1,2,0,0
爆破異常狀態的耐性,2,砲彈裝填,1,1,0,0
龍耐性,1,防禦,1,3,0,0
水屬性攻擊強化,2,破壞王,1,0,0,0
佯攻,1,精靈加護,1,1,0,0
泡沫之舞,2,滿足感,2,2,1,0
佯攻,1,後座力減輕,2,1,1,0
體力回復量UP,1,彈藥節約,1,2,0,0
爆破異常狀態的耐性,2,騎乘名人,1,3,1,1
快吃,2,抑制偏移,1,1,1,0
怨恨,1,,0,1,1,1
炸彈客,1,迴避距離UP,1,1,0,0
炸彈客,2,減輕膽怯,1,3,0,0
龍屬性攻擊強化,3,騎乘名人,1,2,1,0
破壞王,1,防禦,1,2,1,0
快吃,2,泡沫之舞,1,2,2,0
耐震,2,風壓耐性,1,2,1,0
破壞王,2,耳塞,2,1,1,0
昏厥耐性,2,防禦,1,2,0,0
風壓耐性,1,水耐性,2,1,1,0
騎乘名人,1,麻痺耐性,2,3,2,0
冰屬性攻擊強化,2,防禦性能,1,1,0,0
減輕膽怯,2,翔蟲能手,2,1,0,0
破壞王,2,地質學,1,0,0,0
飛身躍入,1,剛刃研磨,2,3,0,0
耐震,2,抑制偏移,2,1,0,0
後座力減輕,1,迴避性能,2,2,1,0
火耐性,2,冰屬性攻擊強化,2,0,0,0
風壓耐性,2,精神抖擻,1,1,0,0
減輕膽怯,1,裝填速度,1,1,0,0
爆破異常狀態的耐性,2,體術,1,2,1,0
龍耐性,1,翔蟲能手,1,2,1,0
看破,2,睡眠耐性,1,0,0,0
逆襲,1,水屬性攻擊強化,2,2,1,0
拔刀術【力】,3,睡眠屬性強化,1,1,0,0
水屬性攻擊強化,2,KO術,2,1,0,0
弱點特效,1,,0,0,0,0
昏厥耐性,2,裝填速度,1,3,1,0
砲術,2,,0,0,0,0
迴避距離UP,2,剛刃研磨,1,1,0,0
昏厥耐性,1,泡沫之舞,1,2,2,0
迴避距離UP,2,砥石使用高速化,2,2,0,0
廣域化,1,裝填速度,2,1,1,0
廣域化,1,後座力減輕,2,1,0,0
迴避性能,2,怨恨,1,0,0,0
裝填速度,1,精靈加護,2,1,0,0
後座力減輕,2,精靈加護,0,1,0,0
砥石使用高速化,2,雷屬性攻擊強化,1,0,0,0
逆襲,1,KO術,1,2,1,0
彈道強化,2,挑戰者,1,0,0,0
昏厥耐性,2,耐震,1,2,1,0
KO術,1,飢餓耐性,1,3,1,0
泥雪耐性,1,拔刀術【技】,1,0,0,0
超會心,1,麻痺耐性,1,0,0,0
滑走強化,1,體力回復量UP,1,3,0,0
彈道強化,1,,0,2,0,0
泡沫之舞,2,強化持續,1,1,0,0
飛簷走壁,1,迴避性能,2,2,1,0
泥雪耐性,1,耐震,2,3,1,0
高速變形,2,防禦強化,1,1,0,0
毒屬性強化,2,砲彈裝填,1,1,1,0
逆襲,2,鈍器能手,1,2,1,0
飛身躍入,1,不屈,1,2,1,1
耐震,1,力量解放,1,1,1,0
吹笛名人,1,爆破屬性強化,2,1,0,0
逆襲,1,龍屬性攻擊強化,1,3,0,0
收刀術,1,風壓耐性,1,3,1,0
飛身躍入,1,特殊射擊強化,1,1,0,0
會心擊【屬性】,2,,0,1,1,0
體術,1,炸彈客,2,3,0,0
廣域化,2,裝填速度,2,1,1,0
雷屬性攻擊強化,2,吹笛名人,1,1,1,0
爆破異常狀態的耐性,1,彈道強化,2,0,0,0
防禦強化,2,裝填速度,1,0,0,0
迴避性能,1,逆襲,1,2,0,0
耳塞,3,拔刀術【力】,2,1,1,0
KO術,2,會心擊【屬性】,1,0,0,0
破壞王,1,廣域化,1,1,1,0
耳塞,1,彈道強化,2,0,0,0
迴避距離UP,2,飢餓耐性,1,1,1,0
廣域化,1,後座力減輕,2,1,0,0
裝填速度,1,精靈加護,2,1,0,0
迴避性能,2,力量解放,1,1,0,0
利刃,2,力量解放,0,0,0,0
昏厥耐性,1,收刀術,1,1,0,0
防禦強化,2,,0,1,1,1
高速變形,2,砥石使用高速化,2,2,1,0
飢餓耐性,1,冰屬性攻擊強化,2,1,0,0
龍屬性攻擊強化,1,水屬性攻擊強化,2,0,0,0
耳塞,1,剝取鐵人,1,1,1,0
